0,1
1,1
2,1
3,1
4,1
5,1
6,1
7,1
8,1
9,1
10,1
11,1
12,1
13,1
14,1
15,1
16,1
17,1
18,1
19,1
20,1
21,1
22,1
23,1
24,1
25,1
26,1
27,1
28,1
29,1
30,1
31,1
32,1
33,1
34,1
35,1
36,1
37,1
38,1
39,1
40,1
41,1
42,1
43,1
44,1
45,1
46,1
47,1
48,1
49,1
50,1
51,1
52,1
53,1
54,1
55,1
56,1
57,1
58,1
59,1
60,1
61,1
62,1
63,1
64,1
65,1
66,1
67,1
68,1
69,1
70,1
71,1
72,1
73,1
74,1
75,1
76,1
77,1
78,1
79,1
80,1
81,1
82,1
83,1
84,1
85,1
86,1
87,1
88,1
89,1
90,1
91,1
92,1
93,1
94,1
95,1
96,1
97,1
98,1
99,1
100,2
101,2
102,2
103,2
104,2
105,2
106,2
107,2
108,2
109,2
110,2
111,2
112,2
113,2
114,2
115,2
116,2
117,2
118,2
119,2
120,2
121,2
122,2
123,2
124,2
125,2
126,2
127,2
128,2
129,2
130,2
131,2
132,2
133,2
134,2
135,2
136,2
137,2
138,2
139,2
140,2
141,2
142,2
143,2
144,2
145,2
146,2
147,2
148,2
149,2
150,2
151,2
152,2
153,2
154,2
155,2
156,2
157,2
158,2
159,2
160,2
161,2
162,2
163,2
164,2
165,2
166,2
167,2
168,2
169,2
170,2
171,2
172,2
173,2
174,2
175,2
176,2
177,2
178,2
179,2
180,2
181,2
182,2
183,2
184,2
185,2
186,2
187,2
188,2
189,2
190,2
191,2
192,2
193,2
194,2
195,2
196,2
197,2
198,2
199,2
200,1
201,1
202,1
203,1
204,1
205,1
206,1
207,1
208,1
209,1
210,1
211,1
212,1
213,1
214,1
215,1
216,1
217,1
218,1
219,1
220,1
221,1
222,1
223,1
224,1
225,1
226,1
227,1
228,1
229,1
230,1
231,1
232,1
233,1
234,1
235,1
236,1
237,1
238,1
239,1
240,1
241,1
242,1
243,1
244,1
245,1
246,1
247,1
248,1
249,1
250,1
251,1
252,1
253,1
254,1
255,1
256,1
257,1
258,1
259,1
260,1
261,1
262,1
263,1
264,1
265,1
266,1
267,1
268,1
269,1
270,1
271,1
272,1
273,1
274,1
275,1
276,1
277,1
278,1
279,1
280,1
281,1
282,1
283,1
284,1
285,1
286,1
287,1
288,1
289,1
290,1
291,1
292,1
293,1
294,1
295,1
296,1
297,1
298,1
299,1
300,2
301,2
302,2
303,2
304,2
305,2
306,2
307,2
308,2
309,2
310,2
311,2
312,2
313,2
314,2
315,2
316,2
317,2
318,2
319,2
320,2
321,2
322,2
323,2
324,2
325,2
326,2
327,2
328,2
329,2
330,2
331,2
332,2
333,2
334,2
335,2
336,2
337,2
338,2
339,2
340,2
341,2
342,2
343,2
344,2
345,2
346,2
347,2
348,2
349,2
350,2
351,2
352,2
353,2
354,2
355,2
356,2
357,2
358,2
359,2
360,2
361,2
362,2
363,2
364,2
365,2
366,2
367,2
368,2
369,2
370,2
371,2
372,2
373,2
374,2
375,2
376,2
377,2
378,2
379,2
380,2
381,2
382,2
383,2
384,2
385,2
386,2
387,2
388,2
389,2
390,2
391,2
392,2
393,2
394,2
395,2
396,2
397,2
398,2
399,2
400,1
401,1
402,1
403,1
404,1
405,1
406,1
407,1
408,1
409,1
410,1
411,1
412,1
413,1
414,1
415,1
416,1
417,1
418,1
419,1
420,1
421,1
422,1
423,1
424,1
425,1
426,1
427,1
428,1
429,1
430,1
431,1
432,1
433,1
434,1
435,1
436,1
437,1
438,1
439,1
440,1
441,1
442,1
443,1
444,1
445,1
446,1
447,1
448,1
449,1
450,1
451,1
452,1
453,1
454,1
455,1
456,1
457,1
458,1
459,1
460,1
461,1
462,1
463,1
464,1
465,1
466,1
467,1
468,1
469,1
470,1
471,1
472,1
473,1
474,1
475,1
476,1
477,1
478,1
479,1
480,1
481,1
482,1
483,1
484,1
485,1
486,1
487,1
488,1
489,1
490,1
491,1
492,1
493,1
494,1
495,1
496,1
497,1
498,1
499,1
